65714.625000
56250.328125
74983.210938
69584.835938
72806.500000
68814.867188
64611.359375
50654.968750
66498.109375
54632.527344
57564.246094
53866.500000
51864.105469
57209.019531
38789.753906
70471.023438
57994.972656
47065.925781
37750.050781
50747.722656
48696.187500
41677.648438
37895.285156
38128.808594
28219.003906
34063.554688
36536.289062
27512.652344
15850.143555
19402.773438
35640.226562
24682.271484
6223.584473
20497.761719
18956.373047
14502.793945
12769.605469
-3909.824219
-2955.863037
5549.260254
10131.551758
-12152.876953
-3002.199707
-6831.824707
-14181.623047
-11679.469727
-12393.572266
-20087.070312
-17155.923828
-24140.863281
-32104.062500
-32835.625000
-41169.765625
-36128.437500
-40986.070312
-30000.527344
-35843.429688
-47834.429688
-54251.210938
-39240.777344
-52322.562500
-52299.093750
-62629.062500
-46070.375000
-48190.195312
-56357.289062
-47569.703125
-50194.808594
-58208.687500
-57033.421875
-63793.867188
-69904.375000
-62870.187500
-58715.546875
-57681.992188
-67855.460938
-57008.093750
-61617.082031
-66365.210938
-69078.359375
-58680.277344
-77704.335938
-66296.195312
-54655.199219
-58983.980469
-67470.726562
-61202.085938
-59452.136719
-54489.421875
-54099.472656
-54524.449219
-46528.093750
-52643.070312
-49664.835938
-54749.992188
-46755.269531
-46317.832031
-47863.792969
-47151.281250
-52662.816406
-35396.039062
-44594.640625
-45517.023438
-48238.593750
-15095.610352
-28934.664062
-36614.984375
-21613.029297
-35151.851562
-26882.248047
-32267.253906
-14164.611328
-19345.570312
-15551.320312
-3350.635986
-4344.021484
-7645.090332
-7825.709961
-5308.753906
1908.216187
4165.875488
-5836.265625
-210.053406
11513.394531
8367.125000
18090.996094
7452.285645
17892.189453
20538.546875
26271.224609
18153.542969
27196.390625
33308.039062
32197.203125
37149.171875
40179.761719
41428.882812
44684.625000
53033.042969
56462.371094
45851.945312
49740.113281
45105.781250
45080.738281
42886.785156
52269.632812
55465.914062
54043.031250
59130.335938
55174.996094
51211.230469
67531.046875
53620.542969
59626.859375
62428.621094
65096.753906
63746.632812
64768.300781
63764.472656
51932.363281
63949.867188
73140.320312
73317.476562
64818.625000
58976.382812
59085.625000
66363.015625
63001.949219
54820.570312
54138.625000
46423.253906
52582.757812
50320.777344
50703.207031
58188.898438
61541.476562
47194.011719
55805.433594
49218.078125
51835.226562
41696.363281
43158.898438
48874.609375
44890.250000
32350.996094
22620.671875
26369.609375
15654.822266
23584.625000
23917.939453
20732.208984
19545.187500
677.440674
18642.894531
16073.109375
14908.341797
11590.631836
-2289.846680
10850.703125
-6709.752930
-3639.230713
889.755737
-16225.541992
-14284.115234
-15015.876953
-24515.337891
-15953.492188
-20812.707031
-17979.779297
-14412.609375
-8449.688477
-23815.806641
-22257.962891
-36099.109375
-46850.445312
-27344.150391
-35402.804688
-48599.445312
-54990.027344
-58089.093750
-56793.078125
-45483.914062
-41962.703125
-46075.339844
-62102.300781
-53570.363281
-59736.769531
-55482.781250
-58288.113281
-59788.781250
-50795.546875
-61327.562500
-60170.132812
-57579.914062
-70274.937500
-58089.269531
-60288.582031
-69885.687500
-64073.410156
-59909.371094
-71512.210938
-67481.828125
-59748.972656
-62066.921875
-72589.054688
-70303.218750
-53777.960938
-55996.726562
-60612.359375
-54467.562500
-56648.765625
-62370.742188
-51564.160156
-57334.144531
-57400.820312
-53551.519531
-47048.207031
-49862.519531
-58073.679688
-38445.851562
-34810.828125
-34354.777344
-37033.363281
-39377.789062
-29390.990234
-35179.367188
-23286.097656
-25076.048828
-28252.070312
-33967.484375
-18772.753906
-19734.789062
-13749.618164
-17037.917969
-13726.077148
-4444.359375
-9883.625000
-10432.666016
-3820.004150
-1237.567749
12135.851562
1723.165405
6393.093262
8200.371094
6854.048828
3639.055420
18312.949219
29461.246094
16990.718750
28519.867188
25521.796875
20731.238281
35275.105469
37851.097656
28173.427734
49033.628906
53659.246094
39464.960938
44089.937500
49898.605469
51604.371094
48142.695312
46723.828125
61248.304688
46648.910156
45174.300781
52104.964844
59710.007812
53611.507812
61559.375000
59913.488281
63325.890625
64533.265625
56974.910156
59953.203125
65373.777344
62055.066406
65319.929688
61561.734375
67984.937500
69714.468750
67687.335938
63381.726562
56305.039062
62428.972656
62157.375000
54831.000000
61206.929688
62645.636719
66052.671875
52557.027344
58050.691406
52715.363281
53406.640625
48066.691406
51740.542969
56815.804688
53837.593750
51684.410156
36070.597656
41158.750000
45669.015625
39724.351562
32583.761719
29700.611328
40659.660156
24835.507812
26524.398438
16274.414062
30709.160156
12141.237305
14196.659180
19182.589844
1001.941040
17017.527344
-2566.361084
10934.350586
7706.764648
9414.693359
2236.563965
-10524.788086
7122.306641
-7192.469238
-4586.783203
-8963.931641
-6360.161621
-30962.681641
-13027.093750
-30023.031250
-27174.437500
-37065.773438
-32647.984375
-39017.140625
-33598.468750
-32680.644531
-49466.285156
-32914.773438
-41010.710938
-45441.257812
-36831.285156
-55082.265625
-48785.156250
-54038.394531
-55065.570312
-59329.562500
-54135.734375
-51519.546875
-57211.933594
-61428.371094
-56146.210938
-56491.074219
-68087.140625
-73220.585938
-76771.343750
-66962.351562
-72562.820312
-67655.335938
-73118.906250
-73107.242188
-59861.789062
-69914.953125
-64577.621094
-70276.328125
-80746.375000
-55016.765625
-62592.070312
-59953.355469
-61236.843750
-60951.250000
-55921.269531
-62996.050781
-53742.824219
-61292.898438
-49386.640625
-51596.222656
-61005.371094
-55277.972656
-51634.644531
-41534.343750
-34885.156250
-44238.484375
-49931.558594
-42561.320312
-36110.750000
-32028.724609
-30188.976562
-32187.937500
-26351.050781
-34123.316406
-17315.375000
-24362.828125
-21994.328125
-9505.358398
-9290.708008
-28999.527344
3156.366455
-13061.980469
-9803.801758
-4563.884277
5818.642578
5713.529785
15661.079102
7679.546875
17258.619141
4598.829590
9417.917969
24587.558594
17733.523438
25300.062500
17782.542969
33701.144531
27722.533203
41186.195312
33670.046875
33115.492188
45431.402344
46715.183594
42552.648438
30215.890625
47094.800781
55810.914062
50913.214844
48394.640625
52254.007812
60440.828125
59163.761719
58099.804688
57986.535156
60250.976562
63662.078125
58302.523438
66100.914062
63494.394531
59447.230469
71931.187500
66948.515625
61805.593750
69258.742188
64419.625000
54078.617188
62151.718750
61996.976562
64492.500000
65811.703125
58315.914062
62458.808594
70896.148438
68093.320312
61067.566406
73754.015625
63017.082031
55942.519531
60060.664062
50378.570312
47044.554688
57362.992188
49089.414062
53328.281250
44917.804688
43325.062500
46239.882812
43225.476562
42830.410156
29369.048828
39178.015625
32838.796875
31561.535156
12393.736328
21795.820312
13027.309570
22156.318359
15506.202148
Max Perfomance: 838.199097
Avg Perfomance: 828.193115
