65714.640625
56250.253906
74983.554688
69584.882812
72806.578125
68815.015625
64611.453125
50654.968750
66498.078125
54632.628906
57564.343750
53866.570312
51863.937500
57208.886719
38789.738281
70471.335938
57995.265625
47065.578125
37750.140625
50747.925781
48695.976562
41677.742188
37895.097656
38128.863281
28218.945312
34063.542969
36536.304688
27512.732422
15850.123047
19402.771484
35640.382812
24682.335938
6223.589355
20497.748047
18956.332031
14502.836914
12769.616211
-3909.827881
-2955.866455
5549.262695
10131.532227
-12152.864258
-3002.185303
-6831.808105
-14181.606445
-11679.546875
-12393.593750
-20086.902344
-17155.750000
-24140.906250
-32104.082031
-32835.574219
-41169.710938
-36128.398438
-40985.980469
-30000.546875
-35843.312500
-47834.558594
-54251.312500
-39240.730469
-52322.441406
-52298.984375
-62629.339844
-46070.597656
-48190.136719
-56357.097656
-47569.710938
-50194.941406
-58208.582031
-57033.164062
-63793.699219
-69903.953125
-62870.105469
-58715.531250
-57681.976562
-67855.609375
-57007.855469
-61616.960938
-66365.132812
-69078.257812
-58680.437500
-77704.812500
-66296.210938
-54655.007812
-58983.855469
-67470.679688
-61201.949219
-59452.078125
-54489.273438
-54099.398438
-54524.347656
-46528.269531
-52642.906250
-49664.789062
-54750.074219
-46755.550781
-46317.703125
-47863.792969
-47151.167969
-52662.789062
-35396.007812
-44594.691406
-45516.917969
-48238.445312
-15095.520508
-28934.753906
-36615.078125
-21613.103516
-35151.656250
-26882.195312
-32267.255859
-14164.615234
-19345.501953
-15551.242188
-3350.602783
-4344.016602
-7645.084961
-7825.727539
-5308.773926
1908.219360
4165.876953
-5836.245605
-210.058258
11513.413086
8367.143555
18091.117188
7452.312012
17892.326172
20538.515625
26271.236328
18153.542969
27196.267578
33308.222656
32197.250000
37149.089844
40179.847656
41429.019531
44684.585938
53033.167969
56462.222656
45851.796875
49740.410156
45105.988281
45080.761719
42886.773438
52269.589844
55465.812500
54043.101562
59130.468750
55174.945312
51211.160156
67530.960938
53620.515625
59626.949219
62428.531250
65096.972656
63746.527344
64768.292969
63764.515625
51932.191406
63949.585938
73140.250000
73317.359375
64818.671875
58976.140625
59085.679688
66363.039062
63001.789062
54820.484375
54138.812500
46422.976562
52582.816406
50320.753906
50703.089844
58189.050781
61541.703125
47194.066406
55805.359375
49217.992188
51835.234375
41696.472656
43158.882812
48874.625000
44890.054688
32350.892578
22620.656250
26369.599609
15654.826172
23584.681641
23917.941406
20732.257812
19545.207031
677.432556
18642.917969
16073.078125
14908.256836
11590.616211
-2289.859619
10850.688477
-6709.762695
-3639.218994
889.752197
-16225.552734
-14284.161133
-15015.954102
-24515.363281
-15953.473633
-20812.642578
-17979.751953
-14412.568359
-8449.659180
-23815.863281
-22257.943359
-36099.125000
-46850.312500
-27344.125000
-35402.742188
-48599.429688
-54989.957031
-58089.128906
-56793.031250
-45483.816406
-41962.640625
-46075.218750
-62102.234375
-53570.121094
-59736.667969
-55482.800781
-58288.167969
-59788.824219
-50795.527344
-61327.468750
-60170.207031
-57580.230469
-70274.968750
-58089.597656
-60288.769531
-69885.789062
-64073.265625
-59909.101562
-71512.414062
-67481.859375
-59749.132812
-62066.847656
-72588.734375
-70303.000000
-53778.101562
-55996.664062
-60612.371094
-54467.652344
-56648.925781
-62371.109375
-51564.074219
-57334.164062
-57400.953125
-53551.277344
-47048.378906
-49862.472656
-58073.710938
-38445.609375
-34810.730469
-34354.750000
-37033.351562
-39377.964844
-29391.029297
-35179.339844
-23286.046875
-25076.009766
-28252.093750
-33967.507812
-18772.687500
-19734.763672
-13749.607422
-17037.794922
-13726.080078
-4444.363281
-9883.735352
-10432.674805
-3820.030273
-1237.571045
12135.875977
1723.175293
6393.126465
8200.410156
6854.067871
3639.074951
18312.910156
29461.478516
16990.701172
28519.794922
25521.810547
20731.234375
35275.136719
37851.023438
28173.457031
49033.585938
53659.273438
39464.695312
44089.835938
49898.667969
51604.296875
48142.753906
46724.007812
61248.238281
46648.777344
45174.343750
52105.050781
59710.347656
53611.234375
61559.226562
59913.265625
63325.835938
64533.125000
56975.132812
59953.050781
65373.847656
62055.328125
65319.968750
61561.792969
67984.867188
69714.523438
67687.414062
63381.902344
56304.859375
62428.835938
62157.316406
54831.144531
61207.050781
62645.750000
66052.609375
52556.921875
58050.609375
52715.460938
53406.597656
48066.812500
51740.820312
56815.742188
53837.621094
51684.269531
36070.691406
41158.925781
45668.867188
39724.386719
32583.876953
29700.658203
40659.953125
24835.517578
26524.505859
16274.439453
30709.207031
12141.293945
14196.599609
19182.656250
1001.938904
17017.451172
-2566.351318
10934.337891
7706.747559
9414.628906
2236.565918
-10524.800781
7122.315430
-7192.458496
-4586.790527
-8963.934570
-6360.169922
-30962.664062
-13027.077148
-30023.087891
-27174.416016
-37065.710938
-32647.871094
-39017.253906
-33598.453125
-32680.587891
-49466.234375
-32914.792969
-41010.304688
-45441.214844
-36831.285156
-55082.230469
-48785.226562
-54038.414062
-55065.343750
-59329.648438
-54135.671875
-51519.378906
-57211.953125
-61428.398438
-56146.335938
-56490.769531
-68086.796875
-73220.679688
-76771.054688
-66962.445312
-72562.531250
-67655.375000
-73118.976562
-73107.304688
-59861.781250
-69914.921875
-64577.582031
-70276.265625
-80746.281250
-55016.664062
-62592.050781
-59953.363281
-61237.015625
-60951.093750
-55921.210938
-62996.000000
-53742.714844
-61293.117188
-49386.718750
-51596.257812
-61005.359375
-55278.050781
-51634.511719
-41534.105469
-34885.332031
-44238.597656
-49931.652344
-42561.496094
-36110.957031
-32028.839844
-30189.033203
-32187.943359
-26350.953125
-34123.171875
-17315.517578
-24362.900391
-21994.427734
-9505.400391
-9290.668945
-28999.546875
3156.358154
-13061.954102
-9803.797852
-4563.844238
5818.685059
5713.552246
15661.094727
7679.560547
17258.535156
4598.836426
9417.934570
24587.583984
17733.515625
25300.080078
17782.585938
33701.187500
27722.519531
41186.175781
33670.164062
33115.507812
45431.351562
46715.085938
42552.597656
30215.849609
47094.707031
55810.968750
50913.113281
48394.843750
52254.023438
60440.960938
59164.046875
58099.710938
57986.355469
60251.082031
63662.105469
58302.453125
66101.156250
63494.621094
59447.207031
71931.250000
66948.851562
61805.652344
69259.179688
64419.421875
54078.753906
62151.644531
61996.781250
64492.468750
65811.945312
58315.863281
62458.710938
70895.835938
68093.250000
61067.484375
73754.164062
63017.054688
55942.515625
60060.597656
50378.558594
47044.824219
57362.906250
49089.472656
53328.234375
44917.656250
43325.222656
46239.882812
43225.468750
42830.648438
29369.119141
39178.105469
32838.812500
31561.484375
12393.739258
21795.785156
13027.322266
22156.294922
15506.144531
Max Perfomance: 48746.602921
