65714.648438
56250.250000
74983.562500
69584.890625
72806.578125
68815.023438
64611.453125
50654.980469
66498.085938
54632.628906
57564.351562
53866.574219
51863.933594
57208.886719
38789.742188
70471.343750
57995.261719
47065.574219
37750.140625
50747.937500
48695.980469
41677.734375
37895.093750
38128.863281
28218.939453
34063.535156
36536.300781
27512.726562
15850.124023
19402.765625
35640.378906
24682.333984
6223.589355
20497.751953
18956.333984
14502.840820
12769.615234
-3909.819336
-2955.864990
5549.264648
10131.533203
-12152.855469
-3002.187012
-6831.808594
-14181.606445
-11679.541992
-12393.592773
-20086.900391
-17155.742188
-24140.904297
-32104.080078
-32835.562500
-41169.714844
-36128.390625
-40985.984375
-30000.554688
-35843.324219
-47834.566406
-54251.312500
-39240.726562
-52322.429688
-52298.984375
-62629.339844
-46070.593750
-48190.136719
-56357.093750
-47569.703125
-50194.941406
-58208.570312
-57033.167969
-63793.699219
-69903.953125
-62870.101562
-58715.531250
-57681.972656
-67855.617188
-57007.859375
-61616.953125
-66365.148438
-69078.265625
-58680.437500
-77704.812500
-66296.210938
-54655.007812
-58983.867188
-67470.679688
-61201.933594
-59452.078125
-54489.281250
-54099.394531
-54524.363281
-46528.265625
-52642.902344
-49664.796875
-54750.074219
-46755.554688
-46317.695312
-47863.796875
-47151.167969
-52662.792969
-35396.011719
-44594.699219
-45516.914062
-48238.449219
-15095.532227
-28934.750000
-36615.074219
-21613.103516
-35151.652344
-26882.199219
-32267.255859
-14164.607422
-19345.509766
-15551.241211
-3350.601807
-4344.016602
-7645.085938
-7825.721191
-5308.770508
1908.220093
4165.876465
-5836.248535
-210.052979
11513.413086
8367.144531
18091.123047
7452.308594
17892.324219
20538.519531
26271.242188
18153.544922
27196.273438
33308.226562
32197.246094
37149.089844
40179.851562
41429.003906
44684.589844
53033.171875
56462.230469
45851.804688
49740.402344
45105.992188
45080.769531
42886.773438
52269.585938
55465.804688
54043.093750
59130.460938
55174.941406
51211.156250
67530.953125
53620.515625
59626.953125
62428.519531
65096.980469
63746.519531
64768.292969
63764.519531
51932.199219
63949.585938
73140.250000
73317.343750
64818.675781
58976.140625
59085.679688
66363.046875
63001.789062
54820.484375
54138.812500
46422.964844
52582.808594
50320.757812
50703.089844
58189.066406
61541.707031
47194.074219
55805.367188
49218.015625
51835.238281
41696.472656
43158.871094
48874.628906
44890.058594
32350.894531
22620.654297
26369.605469
15654.830078
23584.685547
23917.949219
20732.257812
19545.208984
677.435242
18642.923828
16073.067383
14908.262695
11590.618164
-2289.861328
10850.696289
-6709.755371
-3639.222656
889.755615
-16225.548828
-14284.157227
-15015.952148
-24515.357422
-15953.474609
-20812.648438
-17979.753906
-14412.566406
-8449.661133
-23815.859375
-22257.941406
-36099.128906
-46850.312500
-27344.125000
-35402.750000
-48599.429688
-54989.968750
-58089.128906
-56793.019531
-45483.820312
-41962.636719
-46075.214844
-62102.242188
-53570.113281
-59736.660156
-55482.800781
-58288.167969
-59788.835938
-50795.531250
-61327.468750
-60170.207031
-57580.242188
-70274.968750
-58089.613281
-60288.777344
-69885.781250
-64073.269531
-59909.093750
-71512.414062
-67481.867188
-59749.132812
-62066.847656
-72588.734375
-70303.000000
-53778.105469
-55996.664062
-60612.382812
-54467.644531
-56648.933594
-62371.105469
-51564.074219
-57334.175781
-57400.960938
-53551.265625
-47048.367188
-49862.476562
-58073.707031
-38445.605469
-34810.730469
-34354.757812
-37033.363281
-39377.960938
-29391.027344
-35179.335938
-23286.056641
-25076.007812
-28252.091797
-33967.503906
-18772.685547
-19734.767578
-13749.611328
-17037.796875
-13726.075195
-4444.365234
-9883.738281
-10432.681641
-3820.027832
-1237.570679
12135.875000
1723.174438
6393.124023
8200.404297
6854.068359
3639.070801
18312.921875
29461.472656
16990.708984
28519.796875
25521.802734
20731.230469
35275.136719
37851.023438
28173.455078
49033.589844
53659.269531
39464.695312
44089.843750
49898.675781
51604.296875
48142.753906
46724.011719
61248.242188
46648.777344
45174.347656
52105.046875
59710.347656
53611.222656
61559.230469
59913.261719
63325.832031
64533.117188
56975.121094
59953.050781
65373.839844
62055.324219
65319.960938
61561.777344
67984.867188
69714.507812
67687.414062
63381.902344
56304.863281
62428.847656
62157.312500
54831.136719
61207.046875
62645.765625
66052.609375
52556.941406
58050.617188
52715.449219
53406.597656
48066.816406
51740.820312
56815.750000
53837.617188
51684.273438
36070.703125
41158.925781
45668.863281
39724.390625
32583.873047
29700.656250
40659.957031
24835.529297
26524.500000
16274.437500
30709.203125
12141.294922
14196.603516
19182.648438
1001.938171
17017.455078
-2566.348877
10934.333008
7706.743652
9414.624023
2236.569336
-10524.804688
7122.315430
-7192.459473
-4586.790527
-8963.941406
-6360.169922
-30962.671875
-13027.075195
-30023.093750
-27174.416016
-37065.718750
-32647.869141
-39017.250000
-33598.441406
-32680.587891
-49466.238281
-32914.789062
-41010.296875
-45441.222656
-36831.296875
-55082.238281
-48785.226562
-54038.410156
-55065.339844
-59329.652344
-54135.660156
-51519.371094
-57211.937500
-61428.398438
-56146.351562
-56490.761719
-68086.804688
-73220.679688
-76771.062500
-66962.453125
-72562.531250
-67655.367188
-73118.960938
-73107.312500
-59861.777344
-69914.921875
-64577.574219
-70276.273438
-80746.289062
-55016.671875
-62592.050781
-59953.367188
-61237.007812
-60951.078125
-55921.218750
-62996.003906
-53742.710938
-61293.121094
-49386.707031
-51596.269531
-61005.355469
-55278.046875
-51634.511719
-41534.101562
-34885.339844
-44238.593750
-49931.667969
-42561.500000
-36110.968750
-32028.843750
-30189.025391
-32187.951172
-26350.964844
-34123.175781
-17315.521484
-24362.898438
-21994.417969
-9505.400391
-9290.674805
-28999.541016
3156.360352
-13061.953125
-9803.798828
-4563.843750
5818.683105
5713.562012
15661.088867
7679.564453
17258.531250
4598.835449
9417.938477
24587.578125
17733.511719
25300.083984
17782.583984
33701.187500
27722.509766
41186.191406
33670.160156
33115.503906
45431.347656
46715.082031
42552.597656
30215.849609
47094.703125
55810.964844
50913.113281
48394.839844
52254.023438
60440.957031
59164.050781
58099.710938
57986.367188
60251.089844
63662.097656
58302.441406
66101.156250
63494.617188
59447.210938
71931.257812
66948.843750
61805.656250
69259.179688
64419.433594
54078.761719
62151.648438
61996.777344
64492.480469
65811.953125
58315.878906
62458.722656
70895.820312
68093.242188
61067.488281
73754.171875
63017.054688
55942.515625
60060.593750
50378.558594
47044.828125
57362.906250
49089.476562
53328.226562
44917.660156
43325.230469
46239.890625
43225.468750
42830.664062
29369.125000
39178.121094
32838.804688
31561.484375
12393.737305
21795.779297
13027.333984
22156.296875
15506.151367
